# file of vertices , prepared for tetgen
First line:  <# of points> <dimension (3)> <# of attributes> <boundary markers (0 or 1)>
2000 3 0 1
<point #> <x> <y> <z> [attributes] [boundary marker]
1 268.03 -119.288 848 1
2 268.739 204.475 841 1
3 -344.301 21.6996 833 1
4 11.0626 256.019 910 1
5 -92.2326 -118.585 843 1
6 170.558 -120.132 854 1
7 -70.3749 232.668 827 1
8 -341.597 178.66 823 1
9 272.448 75.1073 848 1
10 -204.19 -119.851 852 1
11 149.444 -119.851 852 1
12 268.739 223.462 841 1
13 -0 -0 0 1
14 -0 -0 0 1
15 -339.107 211.41 817 1
16 -209.593 230.98 821 1
17 302.644 -115.938 867 1
18 -339.937 187.747 819 1
19 -0 -0 0 1
20 0 -0 0 1
21 -261.028 -120.132 854 1
22 -350.501 8.83616 848 1
23 31.1211 252.081 896 1
24 272.448 85.4162 848 1
25 -91.5657 260.239 925 1
26 -70.5694 265.866 945 1
27 -30.4524 234.919 835 1
28 21.9063 253.487 901 1
29 95.725 -119.288 848 1
30 268.739 210.317 841 1
31 -118.866 -118.866 845 1
32 270.975 94.2523 848 1
33 -211.927 230.417 819 1
34 0 0 0 1
35 169.075 -120.132 854 1
36 268.1 230.216 839 1
37 24.9524 252.643 898 1
38 274.906 -90.133 865 1
39 240.546 432.982 1539 1
40 -270.559 -120.413 856 1
41 278.084 429.043 1525 1
42 26.4147 -118.866 845 1
43 361.838 431.013 1532 1
44 242.994 -119.288 848 1
45 -98.62 231.543 823 1
46 268.1 195.246 839 1
47 -301.477 229.292 815 1
48 -345.748 131.644 833 1
49 -346.578 107.309 835 1
50 -76.1285 -118.585 843 1
51 268.739 169.422 841 1
52 -85.965 232.105 825 1
53 268.1 164.648 839 1
54 200.455 432.982 1539 1
55 56.8932 256.019 910 1
56 -198.187 230.98 821 1
57 -61.3651 268.68 955 1
58 -339.107 208.572 817 1
59 272.448 82.4708 848 1
60 270.017 133.541 845 1
61 268.739 178.185 841 1
62 -320.661 229.855 817 1
63 -293.703 229.855 817 1
64 -61.4884 -118.585 843 1
65 -339.107 214.247 817 1
66 -346.578 108.759 835 1
67 -324.833 -120.695 858 1
68 -20.3503 235.481 837 1
69 387.546 432.982 1539 1
70 39.622 -118.866 845 1
71 199.668 -120.695 858 1
72 -349.195 -35.5113 852 1
73 -131.813 232.105 825 1
74 -346.578 97.1578 835 1
75 -138.64 231.543 823 1
76 -20.4961 -118.585 843 1
77 -332.801 228.448 812 1
78 -339.937 184.903 819 1
79 -339.107 205.734 817 1
80 -175.801 231.543 823 1
81 -323.343 -120.695 858 1
82 -228.995 230.417 819 1
83 272.455 -62.8743 862 1
84 89.9072 234.919 835 1
85 89.8343 -119.288 848 1
86 3.18505 257.989 917 1
87 -54.2951 274.869 977 1
88 188.355 -120.132 854 1
89 -109.801 -118.585 843 1
90 -40.9923 -118.585 843 1
91 -305.348 229.011 814 1
92 -277.342 -120.132 854 1
93 -0 -0 0 1
94 254.498 -119.851 852 1
95 139.086 -119.851 852 1
96 268.1 163.191 839 1
97 295.831 -120.413 856 1
98 -260.286 230.417 819 1
99 -202.464 230.98 821 1
100 7.92788 256.863 913 1
101 -0 -0 0 1
102 -313.567 229.855 817 1
103 413.153 429.043 1525 1
104 108.979 -119.288 848 1
105 -0 -0 0 1
106 -273.532 -120.413 856 1
107 0 259.395 922 1
108 -343.257 163.729 827 1
109 -249.163 -120.132 854 1
110 272.045 -7.43293 856 1
111 291.326 429.043 1525 1
112 -17.4014 234.919 835 1
113 186.872 -120.132 854 1
114 0 0 0 1
115 -191.322 -120.132 854 1
116 -83.4485 -118.585 843 1
117 70.8351 260.802 927 1
118 136.127 -119.851 852 1
119 -339.937 192.014 819 1
120 -265.477 -120.132 854 1
121 0 0 0 1
122 423.746 429.043 1525 1
123 -330.022 -120.413 856 1
124 -18.8515 234.919 835 1
125 167.592 -120.132 854 1
126 -299.589 -120.132 854 1
127 -349.068 75.9479 841 1
128 48.7222 254.613 905 1
129 -0 -0 0 1
130 278.822 -118.866 845 1
131 189.838 -120.132 854 1
132 273.532 46.0842 856 1
133 60.1668 -118.866 845 1
134 134.647 -119.851 852 1
135 -166.602 232.668 827 1
136 -0 -0 0 1
137 -304.307 229.292 815 1
138 -55.6324 -118.585 843 1
139 80.7115 -118.866 845 1
140 77.6915 262.209 932 1
141 270.017 146.748 845 1
142 -4.40245 -118.866 845 1
143 26.5119 252.643 898 1
144 -196.761 230.98 821 1
145 -11.2692 260.802 927 1
146 143.525 -119.851 852 1
147 -342.427 167.632 825 1
148 -0 -0 0 1
149 270.559 -43.111 856 1
150 272.455 -68.8623 862 1
151 270.975 113.397 848 1
152 0 -0 0 1
153 -124.736 -118.866 845 1
154 -154.362 231.543 823 1
155 466.121 429.043 1525 1
156 -349.898 45.3843 843 1
157 -278.096 229.855 817 1
158 76.3091 -118.866 845 1
159 -283.275 -120.132 854 1
160 -112.025 232.668 827 1
161 42.3417 254.05 903 1
162 35.2196 -118.866 845 1
163 272.681 -26.8211 858 1
164 -347.408 90.1225 837 1
165 -160.079 231.543 823 1
166 -108.337 -118.585 843 1
167 273.532 43.111 856 1
168 271.901 -81.1197 865 1
169 -349.898 39.5283 843 1
170 -344.917 135.658 831 1
171 -234.684 230.417 819 1
172 -290.865 229.855 817 1
173 -0 0 0 1
174 268.739 207.396 841 1
175 185.389 -120.132 854 1
176 270.975 91.3069 848 1
177 272.893 19.2805 854 1
178 -0 0 0 1
179 -21.7517 234.919 835 1
180 -10.2724 -118.866 845 1
181 265.085 -119.288 848 1
182 -226.15 230.417 819 1
183 50.4606 255.457 908 1
184 494.019 426.897 1546 1
185 -287.323 229.292 815 1
186 9.4822 256.019 910 1
187 -297.96 229.855 817 1
188 82.9901 263.615 937 1
189 273.532 47.5708 856 1
190 454.364 432.982 1539 1
191 -73.6173 265.022 942 1
192 106.034 -119.288 848 1
193 271.823 -53.7672 860 1
194 260.736 431.013 1532 1
195 -233.783 -119.851 852 1
196 -0 -0 0 1
197 -297.317 -120.413 856 1
198 -75.0934 264.459 940 1
199 271.66 70.1057 841 1
200 232.449 -120.695 858 1
201 -88.8305 232.105 825 1
202 -227.573 230.417 819 1
203 -214.772 230.417 819 1
204 -346.578 114.559 835 1
205 -186.435 -119.851 852 1
206 268.739 208.857 841 1
207 -134.036 255.457 908 1
208 -88.3529 260.239 925 1
209 133.168 -119.851 852 1
210 -319.243 229.855 817 1
211 -31.9026 234.919 835 1
212 272.893 37.0778 854 1
213 -0 0 0 1
214 -344.087 61.9069 829 1
215 -349.898 38.0642 843 1
216 -84.9125 -118.585 843 1
217 155.727 -120.132 854 1
218 -255.219 230.98 821 1
219 0 -0 0 1
220 268.739 170.883 841 1
221 -347.408 95.9369 837 1
222 -258.937 -119.851 852 1
223 253.018 -119.851 852 1
224 204.864 431.013 1532 1
225 -165.166 232.668 827 1
226 36.6871 -118.866 845 1
227 -5.86993 -118.866 845 1
228 -107.126 -118.866 845 1
229 -77.5925 -118.585 843 1
230 -322.08 229.855 817 1
231 271.823 -52.2736 860 1
232 228.809 431.013 1532 1
233 224.999 -120.695 858 1
234 20.3867 254.05 903 1
235 255.978 -119.851 852 1
236 -127.671 -118.866 845 1
237 -81.9845 -118.585 843 1
238 -348.238 50.9972 839 1
239 272.254 23.6742 852 1
240 -55.0749 270.368 961 1
241 -40.3115 233.231 829 1
242 210.098 -120.695 858 1
243 38.1545 -118.866 845 1
244 -79.0565 -118.585 843 1
245 -205.816 231.543 823 1
246 -67.3444 -118.585 843 1
247 0 0 0 1
248 273.532 17.839 856 1
249 -0 -0 0 1
250 270.017 108.594 845 1
251 -53.9113 -52.4543 839 0
252 46.0703 113.736 829 0
253 -192.332 -16.0277 839 0
254 -303.326 -50.3077 852 0
255 190.283 -74.3293 856 0
256 -202.049 2.90718 837 0
257 -256.853 -84.1415 850 0
258 -320.618 32.2082 843 0
259 141.712 -112.189 850 0
260 -221.065 -54.1683 843 0
261 93.806 121.226 831 0
262 -137.761 17.4014 835 0
263 -221.336 63.6523 833 0
264 -214.548 -110.973 852 0
265 260.594 139.081 843 0
266 96.9251 218.443 833 0
267 -339.734 -102.814 858 0
268 -23.0351 54.7085 829 0
269 -4.7932 257.235 920 0
270 60.6131 60.6131 831 0
271 -292.29 186.78 821 0
272 -321.318 54.0398 841 0
273 4.28783 178.66 823 0
274 -223.993 -51.2403 843 0
275 186.949 229.304 841 0
276 28.7939 67.6657 829 0
277 232.777 109.801 843 0
278 -74.1417 181.077 821 0
279 48.9497 80.623 829 0
280 142.045 -75.4616 852 0
281 11.462 163.333 825 0
282 -156.838 198.187 821 0
283 193.708 -96.8539 858 0
284 -146.495 91.9183 827 0
285 88.669 1.45359 837 0
286 -121.81 4.35035 835 0
287 134.369 -5.84214 841 0
288 -54.3125 207.245 823 0
289 229.74 94.2523 848 0
290 -90.7009 74.8642 829 0
291 -324.757 -19.1902 850 0
292 -255.377 -90.0461 850 0
293 205.936 103.698 841 0
294 217.042 -75.8159 856 0
295 99.3165 -20.4475 841 0
296 -168.245 181.077 821 0
297 153.721 4.39203 843 0
298 -181.518 150.074 823 0
299 92.1405 191.48 829 0
300 75.2254 27.4862 833 0
301 -201.038 206.741 821 0
302 -319.708 115.731 833 0
303 -307.765 -54.7467 852 0
304 -151.135 156.838 821 0
305 -14.5359 -23.2574 837 0
306 -269.583 222.76 817 0
307 -307.793 -2.94539 848 0
308 87.2154 2.90718 837 0
309 -308.519 -19.1902 850 0
310 115.931 -26.4147 845 0
311 73.3741 -70.4392 845 0
312 293.974 421.098 1525 0
313 109.019 46.5149 837 0
314 -273.087 187.747 819 0
315 -95.7615 150.074 823 0
316 -304.509 125.556 831 0
317 -81.4687 178.66 823 0
318 -313.684 -45.8688 852 0
319 177.145 13.1761 843 0
320 7.32005 -81.9845 843 0
321 229.344 -31.0724 852 0
322 -167.225 228.684 823 0
323 98.1355 122.669 831 0
324 -14.3275 207.749 825 0
325 30.2336 120.934 829 0
326 -75.9357 141.842 825 0
327 -137.761 -11.6009 835 0
328 44.6306 118.055 829 0
329 265.231 -32.7813 858 0
330 127.305 138.878 833 0
331 -64.9426 36.0792 831 0
332 -5.81436 -21.8038 837 0
333 36.2529 -2.90023 835 0
334 220.122 96.8539 845 0
335 98.0886 -27.8162 843 0
336 48.8316 153.676 827 0
337 198.161 171.933 839 0
338 125.769 -110.973 852 0
339 -34.5527 43.1909 829 0
340 130.823 91.5761 837 0
341 -229.118 44.9536 835 0
342 10.1265 -7.23321 833 0
343 35.9924 95.0199 829 0
344 156.988 107.566 837 0
345 225.845 158.82 839 0
346 68.9717 -74.8416 845 0
347 101.616 -106.034 848 0
348 154.419 177.51 831 0
349 -14.6054 -70.1057 841 0
350 91.3573 36.2529 835 0
351 -214.617 43.5035 835 0
352 73.6016 118.34 831 0
353 99.8183 86.7986 833 0
354 -192.353 -115.412 852 0
355 -167.293 -112.996 845 0
356 -41.5497 108.889 825 0
357 83.6465 -67.5042 845 0
358 -265.326 212.828 817 0
359 41.8519 17.318 831 0
360 -261.281 -75.2845 850 0
361 209.317 174.431 837 0
362 133.225 -10.2481 843 0
363 -263.626 150.439 825 0
364 -135.005 84.7371 827 0
365 165.433 43.9203 843 0
366 203.186 -53.3921 854 0
367 81.5955 -10.1994 839 0
368 -179.814 18.8515 835 0
369 4.30867 133.569 827 0
370 160.963 137.761 835 0
371 -338.686 61.0508 837 0
372 -213.349 220.461 819 0
373 -152.933 227.255 823 0
374 -56.0127 87.6096 827 0
375 -273.77 -24.8882 843 0
376 128.751 121.518 833 0
377 -79.8449 181.077 821 0
378 -192.919 86.3818 829 0
379 30.2336 214.515 829 0
380 -54.3125 215.821 823 0
381 219.501 -56.3583 854 0
382 -215.55 63.6523 833 0
383 86.5815 -68.9717 845 0
384 -155.553 -115.931 845 0
385 -162.505 -77.5925 843 0
386 -23.2019 -34.8028 835 0
387 -131.174 168.245 821 0
388 -116.334 96.2269 827 0
389 -24.5339 4.32951 831 0
390 -150.435 -55.5004 841 0
391 -162.891 -83.6465 845 0
392 -95.7077 -2.90023 835 0
393 136.964 30.5983 839 0
394 -24.3567 123.216 825 0
395 93.0297 225.306 837 0
396 105.858 47.8538 835 0
397 -81.2708 205.316 821 0
398 86.5902 49.0678 831 0
399 236.044 189.418 839 0
400 -115.176 69.1054 829 0
401 222.377 73.6346 848 0
402 -317.179 196.281 819 0
403 70.7153 105.351 831 0
404 -25.6644 186.78 821 0
405 170.228 10.2724 845 0
406 70.7153 66.3858 831 0
407 165.72 -68.0634 852 0
408 -182.947 160.079 823 0
409 2.8655 193.421 825 0
410 -229.849 -32.2082 843 0
411 205.187 7.38083 850 0
412 198.666 187.065 835 0
413 -95.5288 196.761 821 0
414 -228.995 227.573 819 0
415 -53.5258 18.8064 833 0
416 -240.719 69.6056 835 0
417 219.949 33.9518 850 0
418 -347.555 -1.47269 848 0
419 -215.131 1.45359 837 0
420 133.091 125.858 833 0
421 218.473 57.5705 850 0
422 -162.293 99.0994 827 0
423 -186.059 -17.4431 837 0
424 -52.3292 -36.3397 837 0
425 129.597 -54.4896 848 0
426 -52.7043 -99.5526 843 0
427 -327.459 123.515 827 0
428 66.226 194.359 829 0
429 -23.313 -85.9667 839 0
430 -299.439 63.9579 837 0
431 104.408 98.6079 835 0
432 268.897 -94.6396 865 0
433 -84.9125 -112.729 843 0
434 -132.073 -101.256 845 0
435 260.76 -34.2714 858 0
436 186.949 103.698 841 0
437 -19.9612 189.632 821 0
438 157.363 75.7673 839 0
439 27.3542 208.756 829 0
440 -141.672 -71.5663 841 0
441 -199.152 140.409 825 0
442 -237.55 116.615 829 0
443 -135.781 144.357 823 0
444 -53.7828 -40.7005 837 0
445 239.528 138.751 841 0
446 -171.737 40.4087 831 0
447 255.394 -65.7154 860 0
448 -155.791 144.357 823 0
449 -5.74489 149.367 827 0
450 15.7602 179.094 825 0
451 90.9839 -79.2441 845 0
452 -30.0877 123.216 825 0
453 1.4397 129.573 829 0
454 -113.651 -53.9113 839 0
455 122.522 -81.1891 850 0
456 -278.422 81.2065 835 0
457 259.27 -32.7813 858 0
458 -270.79 140.409 825 0
459 -11.5176 103.658 829 0
460 96.4596 179.962 829 0
461 -276.041 2.92107 841 0
462 -322.589 -98.1147 856 0
463 161.996 -38.29 848 0
464 171.933 90.3379 839 0
465 103.945 -21.9601 843 0
466 13.0823 -24.711 837 0
467 -74.1417 201.038 821 0
468 -75.5675 198.187 821 0
469 201.075 123.85 839 0
470 -101.017 -115.657 843 0
471 -116.897 34.6361 831 0
472 -172.522 159.69 821 0
473 -38.778 103.408 827 0
474 83.9053 44.8459 833 0
475 237.298 -11.8649 854 0
476 -217.616 193.437 819 0
477 -4.32951 28.8634 831 0
478 258.666 -10.4061 856 0
479 91.1385 60.759 833 0
480 -136.964 -58.2825 839 0
481 69.6056 15.9513 835 0
482 235.815 -35.5947 854 0
483 -137.101 24.5339 831 0
484 -272.992 172.942 823 0
485 -170.704 24.5929 833 0
486 -328.57 211.526 812 0
487 -297.274 100.058 835 0
488 116.565 30.5983 839 0
489 -263.289 83.9053 833 0
490 -156.17 127.515 825 0
491 156.474 -66.4275 850 0
492 193.789 134.05 839 0
493 207.65 29.4539 848 0
494 103.205 30.5254 837 0
495 -177.338 1.45359 837 0
496 30.2336 133.892 829 0
497 -149.362 -15.9513 835 0
498 -204.956 23.2574 837 0
499 -202.049 0 837 0
500 175.007 -112.717 854 0
501 -17.5681 -101.017 843 0
502 214.188 208.36 839 0
503 27.3542 87.8215 829 0
504 10.0779 87.8215 829 0
505 -246.881 194.383 817 0
506 -322.778 59.882 841 0
507 -88.8808 -59.7396 839 0
508 158.82 56.8254 839 0
509 14.5359 -20.3503 837 0
510 108.238 129.885 831 0
511 31.5969 160.857 827 0
512 -10.0292 154.737 825 0
513 -187.69 144.708 825 0
514 -174.203 95.0199 829 0
515 -233.262 190.592 819 0
516 84.3082 228.214 837 0
517 -87.6096 117.77 827 0
518 -198.669 158.65 823 0
519 125.009 55.2364 837 0
520 12.926 211.125 827 0
521 -207.367 42.0534 835 0
522 68.4819 -26.2271 839 0
523 -319.484 219.115 814 0
524 -107.309 10.1508 835 0
525 67.9922 219.89 833 0
526 -304.038 -97.8854 854 0
527 179.457 -78.605 854 0
528 245.37 211.778 841 0
529 196.643 228.927 845 0
530 -181.264 33.3527 835 0
531 -179.669 -103.088 848 0
532 2.92802 -80.5205 843 0
533 270.975 -117.815 848 0
534 -318.873 -107.284 858 0
535 348.215 422.079 1519 0
536 -101.479 135.781 823 0
537 -227.844 -10.2238 841 0
538 69.2721 111.124 831 0
539 -320.328 -30.9995 850 0
540 -69.1054 57.5878 829 0
541 -41.7512 53.2688 829 0
542 -127.61 -5.80046 835 0
543 -49.6582 -115.382 841 0
544 -96.9546 183.929 821 0
545 -313.921 111.391 833 0
546 -93.6966 -112.729 843 0
547 -129.748 211.019 821 0
548 -211.533 164.367 823 0
549 97.3905 14.5359 837 0
550 169.759 -56.0943 850 0
551 -231.274 192.964 817 0
552 -57.4489 93.3545 827 0
553 194.316 185.615 835 0
554 66.3858 46.1814 831 0
555 -71.5663 -108.08 841 0
556 79.5653 36.1661 833 0
557 168.361 5.85604 843 0
558 79.3743 115.454 831 0
559 168.616 152.627 837 0
560 -311.028 109.945 833 0
561 141.335 18.9418 839 0
562 116.009 73.9559 835 0
563 -20.1071 58.8851 827 0
564 -63.3466 43.1909 829 0
565 180.5 8.8049 845 0
566 131.328 141.431 831 0
567 218.528 -68.383 856 0
568 100.143 -60.3804 848 0
569 -24.7701 -74.3102 839 0
570 24.7701 -48.0831 839 0
571 -83.0995 219.211 825 0
572 -78.4938 -33.4326 837 0
573 159.577 1.46401 843 0
574 -64.3174 148.645 823 0
575 53.3973 129.885 831 0
576 -263.728 49.5401 839 0
577 -74.3102 -75.7673 839 0
578 -320.024 192.014 819 0
579 -33.0331 103.408 827 0
580 276.505 -110.007 856 0
581 -65.5869 198.187 821 0
582 45.2766 -42.3555 841 0
583 -313.268 74.3102 839 0
584 187.513 175.884 837 0
585 -303.069 75.7673 839 0
586 -164.942 -117.815 848 0
587 -278.162 19.0321 843 0
588 15.8367 76.3039 829 0
589 117.815 -89.8343 848 0
590 -323.376 78.3063 835 0
591 61.7576 162.293 827 0
592 -136.111 121.784 825 0
593 57.0964 -84.9125 843 0
594 -289.094 -14.6748 845 0
595 -31.5969 91.9183 827 0
596 -262.271 34.9695 839 0
597 -216.673 -70.2724 843 0
598 -319.857 58.4214 841 0
599 -103.945 -95.1606 843 0
600 -99.8062 203.89 821 0
601 121.513 -11.7121 843 0
602 -286.376 -38.3803 850 0
603 -336.667 -74.1556 854 0
604 -27.2882 83.3009 827 0
605 -135.008 -117.399 845 0
606 31.6733 128.133 829 0
607 251.233 1.48659 856 0
608 22.9796 188.145 827 0
609 -290.009 -60.6652 852 0
610 -235.146 16.0659 841 0
611 -20.3989 -77.2243 839 0
612 -212.785 -76.3091 845 0
613 -241.562 -32.2082 843 0
614 125.858 153.344 833 0
615 -247.376 86.7986 833 0
616 -185.354 169.671 821 0
617 217.042 -57.9769 856 0
618 4.28783 171.513 823 0
619 48.9497 207.316 829 0
620 -294.344 -104.061 856 0
621 -242.386 183.929 821 0
622 199.282 -2.95233 850 0
623 257.054 134.369 841 0
624 -145.012 4.35035 835 0
625 37.8836 -37.8836 839 0
626 -307.425 100.058 835 0
627 -63.1938 120.643 827 0
628 269.461 -46.4072 862 0
629 -324.918 185.87 817 0
630 -213.349 179.214 819 0
631 101.022 111.124 831 0
632 -40.3115 18.716 829 0
633 264.97 -65.8683 862 0
634 -224.396 162.937 823 0
635 -182.4 137.877 827 0
636 77.7436 151.168 829 0
637 -164.125 73.4245 829 0
638 -342.227 101.508 835 0
639 -230.216 17.4848 839 0
640 44.6306 80.623 829 0
641 -276.693 -94.6969 852 0
642 -147.573 124.649 825 0
643 4.31909 73.4245 829 0
644 -125.471 181.077 821 0
645 -159.69 216.722 821 0
646 -284.018 4.39203 843 0
647 -154.047 74.8642 829 0
648 -62.803 -84.7111 841 0
649 -123.555 -31.979 837 0
650 241.181 14.7964 852 0
651 252.129 38.5609 854 0
652 2.91413 -61.1966 839 0
653 149.004 209.763 833 0
654 111.925 -76.58 848 0
655 -244.49 -21.9601 843 0
656 -253.162 91.1385 833 0
657 -173.948 199.612 821 0
658 -156.613 -5.80046 835 0
659 -224.923 -26.2896 841 0
660 119.783 154.419 831 0
661 -290.143 167.225 823 0
662 -220.122 -90.9839 845 0
663 177.338 109.019 837 0
664 -228.912 116.615 829 0
665 58.0046 4.35035 835 0
666 -103.158 227.807 825 0
667 -31.4441 144.357 823 0
668 167.163 113.38 837 0
669 -207.316 97.8993 829 0
670 -238.951 183.48 819 0
671 30.3795 -1.44664 833 0
672 12.926 120.643 827 0
673 208.139 19.1902 850 0
674 -44.6306 17.2764 829 0
675 -307.425 98.6079 835 0
676 -336.427 85.5568 835 0
677 -295.139 -108.267 854 0
678 -110.589 114.898 827 0
679 -160.857 132.132 827 0
680 -102.218 37.4321 829 0
681 198.11 79.2441 845 0
682 266.96 14.8311 854 0
683 -140.324 20.253 833 0
684 -95.7077 -29.0023 835 0
685 -158.264 192.483 821 0
686 222.001 143.133 841 0
687 43.1909 131.012 829 0
688 -321.379 1.46748 845 0
689 -245.37 14.6054 841 0
690 21.6996 -1.44664 833 0
691 -65.7467 211.533 823 0
692 -104.408 -13.051 835 0
693 116.009 81.2065 835 0
694 -220.541 -35.0529 841 0
695 142.045 -84.3394 852 0
696 81.2065 18.8515 835 0
697 -91.3573 8.7007 835 0
698 -202.033 -30.7442 843 0
699 -244.787 26.2271 839 0
700 -47.1661 154.362 823 0
701 -196.235 -4.36077 837 0
702 -1.45359 -30.5254 837 0
703 -163.729 135.005 827 0
704 194.713 73.2005 843 0
705 24.4158 172.347 827 0
706 -265.818 5.84214 841 0
707 212.085 -50.4258 854 0
708 -303.066 126.999 831 0
709 23.2019 229.118 835 0
710 67.9922 20.253 833 0
711 15.9131 -2.89329 833 0
712 35.9056 145.058 827 0
713 -173.597 33.2728 833 0
714 -285.19 215.666 817 0
715 289.745 -107.534 860 0
716 -303.8 81.401 837 0
717 83.4485 -40.9923 843 0
718 128.124 -54.4896 848 0
719 44.7383 37.5224 831 0
720 -246.063 207.66 819 0
721 -262.348 171.096 821 0
722 -42.8783 205.816 823 0
723 -155.412 211.019 821 0
724 -168.444 60.4672 829 0
725 -122.977 -74.6645 843 0
726 -121.801 -112.996 845 0
727 -79.7564 5.80046 835 0
728 239.702 17.7557 852 0
729 54.7085 142.53 829 0
730 144.664 150.451 833 0
731 -12.926 156.548 827 0
732 93.9189 -36.6871 845 0
733 -93.4743 -84.7111 841 0
734 214.068 -81.7622 856 0
735 -207.889 -24.8882 843 0
736 114.87 -92.7796 848 0
737 -323.376 98.6079 835 0
738 -278.162 -10.2481 843 0
739 -96.9546 215.296 821 0
740 -12.9573 107.977 829 0
741 116.343 -80.9981 848 0
742 11.6565 -46.626 839 0
743 2.88634 30.3066 831 0
744 212.568 -14.7617 850 0
745 -286.376 -72.3321 850 0
746 -104.658 -49.422 837 0
747 -54.9724 24.5929 833 0
748 136.637 81.401 837 0
749 93.5802 194.359 829 0
750 -126.896 203.89 821 0
751 -329.98 164.99 819 0
752 -111.213 153.987 821 0
753 -249.515 183.929 821 0
754 147.163 32.0554 839 0
755 -173.948 189.632 821 0
756 -312.204 -48.8281 852 0
757 -142.009 -102.481 843 0
758 74.2946 260.031 930 0
759 -146.462 4.35035 835 0
760 82.2607 217.919 831 0
761 -206.41 13.0823 837 0
762 17.318 23.0907 831 0
763 151.535 40.7978 839 0
764 100.143 -101.616 848 0
765 4.29825 150.439 825 0
766 -242.994 -80.9981 848 0
767 -205.316 206.741 821 0
768 178.196 -41.2354 848 0
769 197.172 87.6322 841 0
770 236.044 198.161 839 0
771 -303.05 35.1362 843 0
772 111.124 164.521 831 0
773 -170.832 -113.397 848 0
774 152.976 199.157 831 0
775 -25.9145 17.2764 829 0
776 223.057 95.3864 845 0
777 176.305 222.931 839 0
778 -225.487 119.206 827 0
779 -286.946 -17.5681 843 0
780 -126.388 103.408 827 0
781 -38.8718 24.4748 829 0
782 240.415 189.418 839 0
783 -154.737 126.082 825 0
784 -138.303 183.929 821 0
785 135.83 11.6843 841 0
786 -18.5354 175.374 821 0
787 -287.311 200.548 819 0
788 113.109 62.355 835 0
789 160.523 -39.7627 848 0
790 -26.2896 -113.922 841 0
791 -303.8 82.8546 837 0
792 69.2721 53.3973 831 0
793 268.03 -117.815 848 0
794 -178.225 172.522 821 0
795 171.695 -11.7399 845 0
796 66.0662 162.293 827 0
797 16.0659 -74.4873 841 0
798 128.729 -118.371 852 0
799 -339.734 -98.3439 858 0
800 66.0367 -102.724 845 0
801 -309.582 109.945 833 0
802 -67.6657 69.1054 829 0
803 50.3894 106.538 829 0
804 -297.408 -78.4209 852 0
805 4.36077 -24.711 837 0
806 -33.4326 -36.3397 837 0
807 -67.0127 148.283 821 0
808 -24.711 -59.5972 837 0
809 -68.3187 -42.1541 837 0
810 -261.842 86.7986 833 0
811 -146.858 168.245 821 0
812 195.868 45.6535 848 0
813 276.505 -108.521 856 0
814 -169.671 189.632 821 0
815 -210.317 -14.6054 841 0
816 -29.2107 -96.3954 841 0
817 -244.49 -45.3843 843 0
818 104.658 226.76 837 0
819 -136.441 91.9183 827 0
820 -194.382 160.079 823 0
821 -25.7895 126.082 825 0
822 -31.4441 165.796 823 0
823 -247.485 201.971 819 0
824 -32.9532 217.778 825 0
825 -266.182 96.9251 833 0
826 27.3542 83.5024 829 0
827 -45.2766 -89.0927 841 0
828 -34.5527 35.9924 829 0
829 -294.539 -17.6723 848 0
830 -82.2607 31.7497 831 0
831 -23.313 -64.1108 839 0
832 -63.8051 -23.2019 835 0
833 -190.094 162.937 823 0
834 -305.983 74.3102 839 0
835 175.007 -115.683 854 0
836 186.504 135.507 839 0
837 -212.146 69.2721 831 0
838 247.412 73.6346 848 0
839 139.081 -8.78406 843 0
840 75.5866 0 837 0
841 -8.61734 212.561 827 0
842 146.813 88.669 837 0
843 -247.418 -39.5283 843 0
844 -61.4589 138.64 823 0
845 -343.677 108.759 835 0
846 10.1022 226.578 831 0
847 -42.3555 -68.6452 841 0
848 91.1385 96.9251 833 0
849 -280.308 -112.717 854 0
850 -276.041 24.8291 841 0
851 -62.2056 24.5929 833 0
852 259.194 95.725 848 0
853 -10.0292 149.006 825 0
854 185.559 -19.145 848 0
855 52.8294 -115.931 845 0
856 -270.199 20.4475 841 0
857 163.142 -118.649 854 0
858 -245.929 85.3519 833 0
859 -105.509 189.632 821 0
860 1.45706 -58.2825 839 0
861 -184.281 83.5024 829 0
862 201.075 208.36 839 0
863 145.797 -44.1808 848 0
864 -197.641 -48.3123 843 0
865 260.814 177.762 839 0
866 -274.51 183.48 819 0
867 -257.27 161.508 823 0
868 168.616 119.194 837 0
869 -168.245 175.374 821 0
870 -242.661 -115.412 852 0
871 24.8882 -61.4884 843 0
872 -253.387 119.495 829 0
873 1.4397 120.934 829 0
874 -91.3573 -7.25058 835 0
875 81.1891 258.181 935 0
876 250.094 428.352 1532 0
877 -1.4397 37.4321 829 0
878 -343.047 88.669 837 0
879 -186.78 216.722 821 0
880 -20.0585 121.784 825 0
881 -211.717 53.6543 835 0
882 -297.899 10.2724 845 0
883 -5.82825 -56.8254 839 0
884 -81.4687 131.493 823 0
885 -325.7 40.895 841 0
886 -330.486 106.795 831 0
887 257.485 -85.3293 862 0
888 -310.696 -112.981 856 0
889 -211.927 187.747 819 0
890 266.557 95.725 848 0
891 182.277 182.277 833 0
892 -224.593 96.4596 829 0
893 -90.9197 41.8519 831 0
894 -38.6842 171.93 825 0
895 -271.562 170.084 823 0
896 109.019 29.0718 837 0
897 161.734 45.1689 839 0
898 -133.411 1.45012 835 0
899 -204.19 -116.892 852 0
900 239.34 -86.222 856 0
901 154.086 -2.93497 845 0
902 -58.4214 -70.1057 841 0
903 -1.43275 159.035 825 0
904 290.009 -116.892 852 0
905 -204.956 14.5359 837 0
906 -155.412 183.929 821 0
907 -112.638 176.8 821 0
908 69.2721 105.351 831 0
909 270.559 38.6512 856 0
910 -93.6966 -108.337 843 0
911 -168.213 7.25058 835 0
912 -229.304 4.38161 841 0
913 94.9348 -23.3686 841 0
914 151.897 143.218 833 0
915 -66.226 51.8291 829 0
916 143.561 130.51 835 0
917 98.6704 -66.2712 848 0
918 -295.233 -42.8088 850 0
919 -128.442 33.1929 831 0
920 -147.163 -46.626 839 0
921 145.706 227.302 839 0
922 76.6721 222.783 833 0
923 -73.4245 67.6657 829 0
924 55.1044 1.45012 835 0
925 40.3115 93.5802 829 0
926 -295.233 -22.1425 850 0
927 -159.806 57.5878 829 0
928 100.779 182.841 829 0
929 -161.348 -15.9895 837 0
930 -121.193 146.858 821 0
931 -284.466 200.548 819 0
932 78.4938 8.72154 837 0
933 -165.166 83.3009 827 0
934 250.358 92.7796 848 0
935 -253.975 204.315 817 0
936 -23.313 -68.4819 839 0
937 -81.2065 0 835 0
938 83.7038 80.8175 831 0
939 -78.6814 -69.939 839 0
940 184.087 -44.1808 848 0
941 184.903 8.8049 845 0
942 -207.396 -10.2238 841 0
943 27.2222 174.795 825 0
944 242.994 -110.452 848 0
945 -310.224 137.877 827 0
946 -237.529 209.082 819 0
947 97.3905 13.0823 837 0
948 238.576 234.158 848 0
949 -296.532 68.3187 837 0
950 -276.972 71.0557 835 0
951 98.3717 59.3124 833 0
952 48.9497 210.196 829 0
953 -301.534 194.859 819 0
954 -206.373 75.0448 831 0
955 27.4202 220.805 831 0
956 158.441 104.658 837 0
957 81.2065 46.4037 835 0
958 -255.219 176.8 821 0
959 -21.5433 106.28 827 0
960 264.234 72.3321 850 0
961 207.65 30.9265 848 0
962 179.646 77.4084 841 0
963 -37.7933 -49.422 837 0
964 228.927 79.2441 845 0
965 -55.2364 -47.9684 837 0
966 -295.85 119.783 831 0
967 -214.912 153.304 825 0
968 -274.862 102.712 833 0
969 -335.034 212.047 814 0
970 -122.393 -55.3684 839 0
971 -229.855 195.802 817 0
972 217.62 124.146 841 0
973 -325.495 81.012 833 0
974 249.163 37.0778 854 0
975 239.528 131.448 841 0
976 -278.422 75.406 835 0
977 39.3407 -26.2271 839 0
978 -58.7427 118.918 825 0
979 172.305 -45.6535 848 0
980 -144.006 211.019 821 0
981 -49.6582 -65.7241 841 0
982 148.266 69.7723 837 0
983 226.795 72.1619 848 0
984 181.968 26.4147 845 0
985 239.34 -104.061 856 0
986 191.902 -11.8093 850 0
987 -58.7427 120.351 825 0
988 145.76 189.055 831 0
989 18.716 92.1405 829 0
990 18.6257 181.959 825 0
991 27.4202 47.6246 831 0
992 -328.621 29.2107 841 0
993 162.802 91.5761 837 0
994 -285.117 149.006 825 0
995 -322.311 214.874 814 0
996 188.355 -83.0543 854 0
997 237.501 186.504 839 0
998 -212.731 17.4848 839 0
999 10.1022 12.9885 831 0
1000 242.314 -75.8159 856 0
1001 262.25 -28.3111 858 0
1002 -109.801 -99.5526 843 0
1003 -50.0247 148.645 823 0
1004 -45.9591 120.643 827 0
1005 49.8944 -92.4514 845 0
1006 -74.4873 -86.1716 841 0
1007 -27.6182 -59.5972 837 0
1008 225.845 164.648 839 0
1009 119.194 52.3292 837 0
1010 -321.379 5.86993 845 0
1011 77.7766 -55.7643 845 0
1012 -337.384 40.895 841 0
1013 -320.898 219.115 814 0
1014 -329.175 188.708 817 0
1015 -114.064 169.671 821 0
1016 51.8291 175.643 829 0
1017 145.359 104.658 837 0
1018 82.179 -64.5692 845 0
1019 -234.028 26.1646 837 0
1020 58.4214 -33.5923 841 0
1021 -289.186 39.4345 841 0
1022 80.623 109.417 829 0
1023 -152.24 120.643 827 0
1024 -121.784 127.515 825 0
1025 8.7007 -8.7007 835 0
1026 -281.418 115.454 831 0
1027 -92.9029 150.074 823 0
1028 -337.455 -81.7622 856 0
1029 -4.30867 146.495 827 0
1030 38.8718 47.51 829 0
1031 -201.075 -23.313 839 0
1032 -318.841 143.622 827 0
1033 -287.852 -32.4757 850 0
1034 122.102 46.5149 837 0
1035 -248.09 183.929 821 0
1036 -32.9532 136.111 825 0
1037 105.659 -64.5692 845 0
1038 46.1814 217.919 831 0
1039 -10.2724 -111.529 845 0
1040 -72.3321 30.3795 833 0
1041 24.4748 69.1054 829 0
1042 43.8161 -67.1847 841 0
1043 10.0292 194.854 825 0
1044 -73.9559 -26.1021 835 0
1045 124.411 212.656 833 0
1046 -25.6644 193.909 821 0
1047 -235.706 -57.0964 843 0
1048 -231.313 -32.2082 843 0
1049 -146.054 -73.0268 841 0
1050 -68.4385 146.858 821 0
1051 -89.0927 -67.1847 841 0
1052 77.0402 1.45359 837 0
1053 -7.16375 202.018 825 0
1054 266.557 113.397 848 0
1055 91.5761 14.5359 837 0
1056 -297.267 199.126 819 0
1057 -30.7442 -103.945 843 0
1058 -321.047 4.41808 848 0
1059 -309.245 -72.5023 852 0
1060 -20.1071 76.1198 827 0
1061 -192.483 175.374 821 0
1062 -311.66 146.495 827 0
1063 -21.4391 144.357 823 0
1064 306.254 -121.289 873 0
1065 66.226 138.211 829 0
1066 -168.851 57.7268 831 0
1067 -235.146 5.84214 841 0
1068 258.329 73.8083 850 0
1069 -290.12 -33.8719 848 0
1070 -243.896 105.351 831 0
1071 227.302 170.476 839 0
1072 -212.281 -40.9923 843 0
1073 -81.6667 227.807 825 0
1074 -329.185 -50.1896 850 0
1075 -96.3954 -93.4743 841 0
1076 100.779 191.48 829 0
1077 260.76 -5.96024 858 0
1078 -272.222 150.439 825 0
1079 -77.1809 190.094 823 0
1080 267.186 92.9985 850 0
1081 90.9839 -108.594 845 0
1082 85.147 56.2836 831 0
1083 -217.62 -10.2238 841 0
1084 188.409 99.3165 841 0
1085 -11.4898 122.079 827 0
1086 141.431 191.942 831 0
1087 216.486 51.5442 848 0
1088 -144.664 37.6127 833 0
1089 253.909 427.637 1539 0
1090 119.569 -88.57 850 0
1091 -21.7517 -26.1021 835 0
1092 214.044 -7.38083 850 0
1093 -229.118 62.355 835 0
1094 -106.112 -55.2364 837 0
1095 -212.828 212.828 817 0
1096 128.222 0 839 0
1097 -218.473 -103.332 850 0
1098 -229.24 157.602 825 0
1099 -132.6 146.858 821 0
1100 -43.1909 28.7939 829 0
1101 43.7119 -26.2271 839 0
1102 -324.586 129.26 827 0
1103 -158.488 -92.4514 845 0
1104 -174.63 -77.7766 845 0
1105 172.343 61.3425 841 0
1106 -132.593 -58.2825 839 0
1107 -63.6523 -15.9131 833 0
1108 -314.335 189.17 819 0
1109 -95.9942 141.842 825 0
1110 149.444 -99.1358 852 0
1111 -68.1554 -17.4014 835 0
1112 103.451 5.82825 839 0
1113 -319.857 43.8161 841 0
1114 -245.594 140.75 827 0
1115 11.7121 -105.409 843 0
1116 170.883 58.4214 841 0
1117 34.5527 95.0199 829 0
1118 -122.374 70.5451 829 0
1119 -130.38 123.216 825 0
1120 -118.585 -71.7365 843 0
1121 -7.19848 83.5024 829 0
1122 134.647 -96.1766 852 0
1123 224.388 206.903 839 0
1124 175.264 30.6713 841 0
1125 17.2764 74.8642 829 0
1126 -324.041 -56.2263 852 0
1127 -189.305 -73.3741 845 0
1128 -286.376 -51.6658 850 0
1129 -309.971 -83.0543 854 0
1130 245.044 78.2368 850 0
1131 123.85 10.1994 839 0
1132 -326.474 1.46401 843 0
1133 169.075 -84.5374 854 0
1134 -74.6836 97.6631 827 0
1135 -326.233 -35.428 850 0
1136 164.24 -75.4616 852 0
1137 137.101 184.726 831 0
1138 -22.924 133.246 825 0
1139 -247.11 53.7828 837 0
1140 -321.804 -10.3332 850 0
1141 -2.90718 -20.3503 837 0
1142 -123.26 4.35035 835 0
1143 129.885 147.203 831 0
1144 -108.361 212.445 821 0
1145 75.7673 -11.6565 839 0
1146 106.795 154.419 831 0
1147 261.281 -109.236 850 0
1148 -31.4441 201.528 823 0
1149 -99.5526 -105.409 843 0
1150 234.71 30.9995 850 0
1151 37.703 -8.7007 835 0
1152 -189.055 56.2836 831 0
1153 -203.989 -5.82825 839 0
1154 -168.761 -83.6465 845 0
1155 253.529 147.163 839 0
1156 -311.811 56.8254 839 0
1157 102.724 -48.4269 845 0
1158 -136.311 -10.1508 835 0
1159 246.773 -44.5976 856 0
1160 -282.554 -5.85604 843 0
1161 157.684 138.878 833 0
1162 181.537 38.0642 843 0
1163 -149.367 94.7907 827 0
1164 -20.0585 214.912 825 0
1165 248.84 -86.4234 858 0
1166 95.4784 92.5851 833 0
1167 162.024 190.957 833 0
1168 -85.7618 -40.7005 837 0
1169 -44.5229 222.615 827 0
1170 -249.42 65.2552 835 0
1171 -252.982 171.513 823 0
1172 -162.024 34.7194 833 0
1173 60.0244 -51.2403 843 0
1174 -242.994 -61.8531 848 0
1175 -325.538 192.492 815 0
1176 -265.326 219.923 817 0
1177 -274.581 32.1318 841 0
1178 103.088 -79.5254 848 0
1179 -261.436 36.5134 841 0
1180 8.61734 146.495 827 0
1181 -90.0444 221.538 823 0
1182 -210.196 99.339 829 0
1183 -319.243 221.342 817 0
1184 104.191 -63.1018 845 0
1185 84.9421 142.53 829 0
1186 -71.6375 130.38 825 0
1187 266.642 195.246 839 0
1188 -58.6003 157.22 823 0
1189 -226.921 -26.3522 843 0
1190 -126.388 96.2269 827 0
1191 -324.802 -88.9868 854 0
1192 144.937 1.46401 843 0
1193 135.807 -59.0466 850 0
1194 -304.526 50.9972 839 0
1195 -335.263 -111.754 858 0
1196 -199.282 -103.332 850 0
1197 -345.954 59.5972 837 0
1198 -53.5258 -10.1265 833 0
1199 -233.538 143.275 825 0
1200 104.158 120.071 833 0
1201 282.611 -110.973 852 0
1202 -273.839 215.666 817 0
1203 -258.07 179.651 821 0
1204 -134.025 185.354 821 0
1205 119.764 -8.76322 841 0
1206 184.165 184.165 835 0
1207 -256.644 186.78 821 0
1208 0 166.199 825 0
1209 155.553 -16.1423 845 0
1210 -292.281 151.871 825 0
1211 -244.49 -48.3123 843 0
1212 158.82 42.2548 839 0
1213 246.831 216.159 841 0
1214 77.0402 -2.90718 837 0
1215 -40.7005 -58.1436 837 0
1216 44.8459 228.57 833 0
1217 159.577 14.6401 843 0
1218 54.7085 64.7863 829 0
1219 -91.696 227.807 825 0
1220 -199.635 124.951 827 0
1221 84.9421 191.48 829 0
1222 -136.441 106.28 827 0
1223 -153.304 133.246 825 0
1224 90.9839 -61.6343 845 0
1225 -239.139 -110.712 850 0
1226 -157.305 51.9541 831 0
1227 -118.342 208.167 821 0
1228 -289.874 29.2802 843 0
1229 -165.393 218.148 821 0
1230 224.474 -89.1952 856 0
1231 -156.649 -81.9845 843 0
1232 -134.025 181.077 821 0
1233 -59.8837 146.858 821 0
1234 -325.713 170.68 819 0
1235 24.9472 -96.8539 845 0
1236 24.4158 189.581 827 0
1237 -223.691 93.806 831 0
1238 218.473 13.2855 850 0
1239 -323.15 139.314 827 0
1240 -148.283 198.187 821 0
1241 -323.343 -117.715 858 0
1242 -41.3483 189.632 821 0
1243 -93.3545 93.3545 827 0
1244 -325.604 75.5866 837 0
1245 -326.023 124.951 827 0
1246 -4.39203 -83.4485 843 0
1247 105.351 199.157 831 0
1248 34.386 164.766 825 0
1249 -109.019 -47.9684 837 0
1250 93.5802 141.09 829 0
1251 50.5109 86.5902 831 0
1252 211.274 208.36 839 0
1253 55.3684 -21.8559 839 0
1254 234.332 -31.1454 854 0
1255 -307.043 -14.7617 850 0
1256 -301.777 -96.6281 856 0
1257 -61.3095 171.096 821 0
1258 -338.039 50.9972 839 0
1259 -160.659 -55.5004 841 0
1260 -248.823 92.5851 833 0
1261 -177.661 149.006 825 0
1262 -190.957 63.6523 833 0
1263 163.863 160.963 835 0
1264 151.533 165.964 831 0
1265 -208.629 -97.6562 852 0
1266 -169.474 107.717 827 0
1267 34.9695 -39.3407 839 0
1268 67.829 115.454 831 0
1269 160.192 194.828 831 0
1270 -295.928 -59.1856 852 0
1271 135.184 61.0508 837 0
1272 253.612 16.3142 854 0
1273 -273.839 228.436 817 0
1274 -114.193 -117.121 843 0
1275 72.1585 213.589 831 0
1276 142.452 84.3082 837 0
1277 77.7766 -92.4514 845 0
1278 -34.4693 63.1938 827 0
1279 170.704 206.87 833 0
1280 -162.293 110.589 827 0
1281 162.024 177.937 833 0
1282 92.7796 -64.7985 848 0
1283 256.249 91.3069 848 0
1284 -185.929 -68.8084 843 0
1285 48.7222 253.041 905 0
1286 -114.342 138.64 823 0
1287 162.024 176.49 833 0
1288 -185.273 97.6631 827 0
1289 -193.327 13.0823 837 0
1290 -53.5258 5.78657 833 0
1291 -176.655 104.844 827 0
1292 -33.113 51.8291 829 0
1293 30.0877 196.287 825 0
1294 -310.068 194.859 819 0
1295 -199.578 -51.3619 845 0
1296 -68.4385 186.78 821 0
1297 231.907 -84.7354 856 0
1298 -336.667 -78.605 854 0
1299 -318.852 -17.714 850 0
1300 104.909 -1.45706 839 0
1301 144.324 -36.8173 848 0
1302 -214.188 -5.82825 839 0
1303 71.9067 -83.6465 845 0
1304 2.8655 176.228 825 0
1305 45.0613 -8.72154 837 0
1306 -1.43275 176.228 825 0
1307 95.4784 216.996 833 0
1308 92.7796 -107.507 848 0
1309 115.108 13.1136 839 0
1310 -211.41 227.017 817 0
1311 -89.8256 173.948 821 0
1312 263.473 -83.8323 862 0
1313 56.1481 92.1405 829 0
1314 -227.668 56.5545 835 0
1315 18.6709 206.816 827 0
1316 -276.043 -76.7606 850 0
1317 -162.413 5.80046 835 0
1318 218.559 171.933 839 0
1319 72.3321 218.443 833 0
1320 -287.05 -84.3394 852 0
1321 -263.1 61.0508 837 0
1322 45.3843 -51.2403 843 0
1323 66.5456 24.5929 833 0
1324 -233.686 -2.92107 841 0
1325 -314.015 40.895 841 0
1326 85.5568 18.8515 835 0
1327 -320.618 24.8882 843 0
1328 -92.6772 186.78 821 0
1329 129.138 -41.0895 845 0
1330 -60.0244 -108.337 843 0
1331 233.13 160.277 839 0
1332 -224.923 0 841 0
1333 -88.0333 21.6475 831 0
1334 -267.398 196.281 819 0
1335 194.713 105.409 843 0
1336 -310.37 45.3843 843 0
1337 263.473 -68.8623 862 0
1338 214.188 199.618 839 0
1339 302.018 427.637 1539 0
1340 119.783 164.521 831 0
1341 -209.85 -57.2318 845 0
1342 -7.16375 174.795 825 0
1343 180.073 19.0321 843 0
1344 -272.254 -99.1358 852 0
1345 -195.297 52.0791 833 0
1346 96.6923 121.226 831 0
1347 -284.018 -5.85604 843 0
1348 263.126 -1.48659 856 0
1349 -22.8128 188.206 821 0
1350 69.2166 -106.034 848 0
1351 192.332 154.449 839 0
1352 266.467 -68.8623 862 0
1353 -304.524 91.3573 835 0
1354 -154.362 228.684 823 0
1355 40.4087 28.8634 831 0
1356 126.95 -87.0938 850 0
1357 -11.4342 170.084 823 0
1358 209.353 112.729 843 0
1359 -143.905 -42.1541 837 0
1360 -109.801 -83.4485 843 0
1361 210.109 -26.6335 852 0
1362 -291.371 -108.521 856 0
1363 -322.082 20.4961 843 0
1364 255.693 17.839 856 0
1365 -289.329 99.8183 833 0
1366 -260.594 -27.8162 843 0
1367 -78.6814 -58.2825 839 0
1368 -250.33 193.437 819 0
1369 -230.282 -91.5223 850 0
1370 -185.806 157.22 823 0
1371 74.8416 -55.7643 845 0
1372 -23.0907 4.32951 831 0
1373 -269.378 -21.9601 843 0
1374 -318.122 -38.4706 852 0
1375 -306.713 49.6582 841 0
1376 -258.699 171.513 823 0
1377 -110.209 -21.7517 835 0
1378 -201.083 72.3321 833 0
1379 -39.2469 -53.7828 837 0
1380 116.287 20.3503 837 0
1381 -253.175 200.548 819 0
1382 -48.9497 34.5527 829 0
1383 71.2259 -1.45359 837 0
1384 138.751 -1.46054 841 0
1385 -165.433 -71.7365 843 0
1386 159.895 129.369 837 0
1387 237.104 89.8343 848 0
1388 160.277 227.302 839 0
1389 -176.228 140.409 825 0
1390 111.659 65.2552 835 0
1391 -192.403 62.2056 833 0
1392 243.8 1.48659 856 0
1393 106.795 95.2492 831 0
1394 76.3039 165.565 829 0
1395 -181.106 -45.2766 841 0
1396 -24.3567 128.947 825 0
1397 114.285 95.4784 833 0
1398 -88.0333 31.7497 831 0
1399 -152.627 -42.1541 837 0
1400 -137.21 141.498 823 0
1401 -295.928 -62.1449 852 0
1402 -309.311 219.923 817 0
1403 -203.503 11.6287 837 0
1404 -96.3954 -80.3295 841 0
1405 -178.364 18.8515 835 0
1406 -205.877 105.098 829 0
1407 -206.741 218.148 821 0
1408 227.33 20.6663 850 0
1409 264.147 102.724 845 0
1410 -90.482 71.8111 827 0
1411 205.149 -95.1415 856 0
1412 -218.968 46.4037 835 0
1413 -315.205 161.901 825 0
1414 -292.963 126.999 831 0
1415 93.806 210.703 831 0
1416 -328.388 105.605 833 0
1417 -222.615 122.079 827 0
1418 67.5042 -70.4392 845 0
1419 123.85 26.2271 839 0
1420 186.059 133.73 837 0
1421 114.464 -45.492 845 0
1422 -278.995 -60.5228 850 0
1423 -133.411 10.1508 835 0
1424 263.612 98.6704 848 0
1425 -144.006 173.948 821 0
1426 79.9474 2.90718 837 0
1427 70.5451 181.402 829 0
1428 123.26 76.8561 835 0
1429 -101.232 182.503 821 0
1430 99.0803 7.28531 839 0
1431 -5.75878 120.934 829 0
1432 -35.9056 68.9387 827 0
1433 135.507 24.7701 839 0
1434 -209.082 194.859 819 0
1435 -81.6667 138.977 825 0
1436 66.0367 -86.5815 845 0
1437 -99.339 56.1481 829 0
1438 -192.865 46.4037 835 0
1439 -122.977 -87.8406 843 0
1440 -105.509 182.503 821 0
1441 -73.7788 11.5731 833 0
1442 -67.0127 183.929 821 0
1443 150.569 -67.9036 850 0
1444 238.389 180.245 837 0
1445 -27.2882 68.9387 827 0
1446 -268.739 20.4475 841 0
1447 -171.096 172.522 821 0
1448 -101.725 124.649 825 0
1449 -157.305 38.9656 831 0
1450 -237.55 125.254 829 0
1451 79.1833 205.877 829 0
1452 13.1136 -71.3961 839 0
1453 -156.17 116.053 825 0
1454 112.567 189.055 831 0
1455 153.344 201.083 833 0
1456 -179.384 40.506 833 0
1457 50.2678 159.421 827 0
1458 -107.309 -2.90023 835 0
1459 -28.7939 1.4397 829 0
1460 167.163 117.741 837 0
1461 -279.457 179.651 821 0
1462 -199.635 135.005 827 0
1463 242.661 10.3575 852 0
1464 -140.661 -8.7007 835 0
1465 260.667 75.1073 848 0
1466 117.741 55.2364 837 0
1467 -192.483 165.393 821 0
1468 -44.9536 -24.652 835 0
1469 -239.849 130.696 827 0
1470 -84.9421 80.623 829 0
1471 478.903 428.352 1532 0
1472 -12.9573 110.857 829 0
1473 -259.956 143.622 827 0
1474 259.13 225.457 843 0
1475 -229.24 156.17 825 0
1476 -150.812 10.1508 835 0
1477 271.823 -19.4159 860 0
1478 -202.513 -74.8416 845 0
1479 25.977 217.919 831 0
1480 -107.309 -15.9513 835 0
1481 227.33 41.3326 850 0
1482 57.0964 -79.0565 843 0
1483 -48.3123 -96.6246 843 0
1484 -168.245 192.483 821 0
1485 -24.3567 214.912 825 0
1486 -192.014 216.194 819 0
1487 18.6709 150.803 827 0
1488 7.16375 180.526 825 0
1489 -31.979 -52.3292 837 0
1490 -340.777 84.1067 835 0
1491 114.464 -41.0895 845 0
1492 -339.518 -17.714 850 0
1493 50.2678 170.91 827 0
1494 -216.996 75.2254 833 0
1495 -189.965 23.2019 835 0
1496 159.895 220.946 837 0
1497 -18.9418 -78.6814 839 0
1498 -104.658 -39.2469 837 0
1499 -198.187 178.225 821 0
1500 -77.9311 37.5224 831 0
1501 191.45 39.7627 848 0
1502 108.238 170.294 831 0
1503 -269.722 68.1554 835 0
1504 7.23321 -7.23321 833 0
1505 167.811 177.937 833 0
1506 -308.519 -5.90466 850 0
1507 -338.514 107.052 833 0
1508 -256.809 -38.1545 845 0
1509 212.085 -48.9427 854 0
1510 -30.0877 140.409 825 0
1511 -21.7517 -27.5522 835 0
1512 -82.6566 -17.4014 835 0
1513 -141.09 33.113 829 0
1514 249.746 -7.43293 856 0
1515 239.34 -81.7622 856 0
1516 -268.739 30.6713 841 0
1517 71.2259 4.36077 837 0
1518 227.302 157.363 839 0
1519 -151.135 146.858 821 0
1520 167.163 132.277 837 0
1521 -194.828 73.6016 831 0
1522 -43.0867 93.3545 827 0
1523 -267.914 -2.92802 843 0
1524 152.045 -56.0943 850 0
1525 -295.86 171.513 823 0
1526 273.921 -117.815 848 0
1527 86.3818 132.452 829 0
1528 -207.863 15.9895 837 0
1529 -166.819 220.999 821 0
1530 224.474 -93.6549 856 0
1531 207.396 220.541 841 0
1532 263.126 23.7854 856 0
1533 -192.919 93.5802 829 0
1534 -317.64 67.0249 839 0
1535 83.5024 198.678 829 0
1536 -281.09 -2.92802 843 0
1537 -51.4539 132.923 823 0
1538 -285.06 128.133 829 0
1539 110.209 56.5545 835 0
1540 218.473 44.285 850 0
1541 -263.289 99.8183 833 0
1542 143.905 223.853 837 0
1543 -11.6843 -67.1847 841 0
1544 -152.561 222.425 821 0
1545 49.3039 2.90023 835 0
1546 264.357 213.238 841 0
1547 218.987 -23.6742 852 0
1548 -310.224 150.803 827 0
1549 -98.0886 -112.729 843 0
1550 119.783 174.623 831 0
1551 -57.4489 106.28 827 0
1552 83.9053 43.3993 833 0
1553 201.554 140.211 841 0
1554 -41.449 154.362 823 0
1555 -294.422 190.592 819 0
1556 243.91 211.778 841 0
1557 135.984 215.55 833 0
1558 46.7372 -39.4345 841 0
1559 265.477 -102.335 854 0
1560 52.7043 -80.5205 843 0
1561 208.817 176.914 835 0
1562 -187.612 77.9311 831 0
1563 -248.908 201.971 819 0
1564 142.111 134.861 835 0
1565 250.913 -86.6249 860 0
1566 219.949 39.8565 850 0
1567 -25.9145 20.1557 829 0
1568 184.903 16.1423 845 0
1569 11.5454 7.21585 831 0
1570 -234.971 146.14 825 0
1571 -272.882 139.314 827 0
1572 -158.441 -11.6287 837 0
1573 -149.709 196.761 821 0
1574 -204.815 190.592 819 0
1575 250.358 104.561 848 0
1576 191.415 195.766 835 0
1577 -51.704 120.643 827 0
1578 171.114 143.561 835 0
1579 178.364 150.812 835 0
1580 231.213 67.7439 848 0
1581 -196.643 -74.8416 845 0
1582 -131.448 -80.3295 841 0
1583 -161.348 -2.90718 837 0
1584 101.256 -49.8944 845 0
1585 -339.768 138.211 829 0
1586 114.87 -108.979 848 0
1587 -94.7907 71.8111 827 0
1588 -17.2347 77.556 827 0
1589 -1.44317 51.9541 831 0
1590 132.277 50.8756 837 0
1591 5.731 174.795 825 0
1592 -208.252 142.186 827 0
1593 -142.346 -117.399 845 0
1594 -56.0127 89.0458 827 0
1595 -31.5969 103.408 827 0
1596 -305.952 124.113 831 0
1597 -262.139 -57.435 848 0
1598 -144.317 49.0678 831 0
1599 -159.806 63.3466 829 0
1600 -153.987 209.593 821 0
1601 -59.0275 69.1054 829 0
1602 107.507 -88.3616 848 0
1603 -134.025 206.741 821 0
1604 -173.948 195.335 821 0
1605 -311.66 140.75 827 0
1606 -21.4391 154.362 823 0
1607 93.9189 -74.8416 845 0
1608 203.662 -71.3561 856 0
1609 -174.203 83.5024 829 0
1610 -122.918 224.396 823 0
1611 -334.482 -105.548 856 0
1612 81.2065 17.4014 835 0
1613 -273.733 -99.1358 852 0
1614 -218.968 30.4524 835 0
1615 182.277 189.51 833 0
1616 41.9526 4.33993 833 0
1617 -66.5456 23.1463 833 0
1618 -262.193 154.737 825 0
1619 73.4245 177.083 829 0
1620 -133.892 38.8718 829 0
1621 -270.842 -8.78406 843 0
1622 -205.877 116.615 829 0
1623 98.0886 -23.4241 843 0
1624 -17.2347 112.025 827 0
1625 164.521 197.714 831 0
1626 -251.111 102.465 831 0
1627 46.7372 -68.6452 841 0
1628 -120.934 79.1833 829 0
1629 -40.2142 90.482 827 0
1630 -121.801 -102.724 845 0
1631 -70.2047 136.111 825 0
1632 80.8175 106.795 831 0
1633 -314.533 153.676 827 0
1634 -327.058 72.6795 837 0
1635 -146.858 172.522 821 0
1636 27.6842 -53.9113 839 0
1637 -153.712 14.5012 835 0
1638 -179.651 206.741 821 0
1639 175.884 116.287 837 0
1640 -165.826 -99.7888 845 0
1641 213.078 -98.3439 858 0
1642 -314.015 59.882 841 0
1643 95.7077 39.1531 835 0
1644 85.147 59.1699 831 0
1645 -132.772 34.6361 831 0
1646 105.351 111.124 831 0
1647 -108.361 172.522 821 0
1648 -225.992 -77.7766 845 0
1649 -338.514 114.285 833 0
1650 83.9435 -100.143 848 0
1651 -169.474 113.462 827 0
1652 -11.6287 -24.711 837 0
1653 -318.397 55.5004 841 0
1654 -231.213 -64.7985 848 0
1655 69.1054 192.919 829 0
1656 -310.724 -51.7874 852 0
1657 -13.1448 -89.0927 841 0
1658 69.2721 102.465 831 0
1659 53.3973 21.6475 831 0
1660 112.194 230.216 839 0
1661 -149.683 -117.399 845 0
1662 -203.89 195.335 821 0
1663 -223.462 -8.76322 841 0
1664 -270.138 -53.142 850 0
1665 -75.406 4.35035 835 0
1666 -110.589 83.3009 827 0
1667 237.17 131.761 843 0
1668 167.163 104.658 837 0
1669 -345.694 -110.264 858 0
1670 -48.1977 -89.0927 841 0
1671 -301.777 -99.6013 856 0
1672 -112.729 -101.017 843 0
1673 257.721 106.034 848 0
1674 -263.131 197.704 819 0
1675 177.937 166.364 833 0
1676 125.307 13.1136 839 0
1677 -113.736 67.6657 829 0
1678 182.277 151.897 833 0
1679 -160.963 17.4014 835 0
1680 75.406 17.4014 835 0
1681 196.229 -83.2488 856 0
1682 77.7436 205.877 829 0
1683 -92.5851 11.5731 833 0
1684 107.566 222.399 837 0
1685 -215.954 93.5802 829 0
1686 139.411 -14.6748 845 0
1687 -232.777 -51.2403 843 0
1688 -223.462 -23.3686 841 0
1689 -185.559 -108.979 848 0
1690 123.26 118.91 835 0
1691 145.359 59.5972 837 0
1692 208.122 -68.383 856 0
1693 -135.184 -29.0718 837 0
1694 -111.213 209.593 821 0
1695 260.667 113.397 848 0
1696 -37.7933 -58.1436 837 0
1697 -145.706 -59.7396 839 0
1698 -146.858 186.78 821 0
1699 14.6401 -86.3765 843 0
1700 227.33 48.7135 850 0
1701 79.3743 213.589 831 0
1702 -201.528 157.22 823 0
1703 142.851 -45.6535 848 0
1704 233.234 48.7135 850 0
1705 -325.234 149.006 825 0
1706 134.331 -64.9513 850 0
1707 -17.2764 21.5954 829 0
1708 -205.316 199.612 821 0
1709 -20.4961 -117.121 843 0
1710 -136.311 20.3016 835 0
1711 -185.354 203.89 821 0
1712 96.1661 -13.1136 839 0
1713 -213.54 -80.9981 848 0
1714 -52.7043 -96.6246 843 0
1715 20.1071 146.495 827 0
1716 82.0627 151.168 829 0
1717 -323.468 64.1108 839 0
1718 -341.116 -65.257 854 0
1719 -240.143 83.9053 833 0
1720 -201.231 -110.973 852 0
1721 -85.7618 -61.0508 837 0
1722 -14.3275 181.959 825 0
1723 -315.163 -54.7467 852 0
1724 -72.5058 -14.5012 835 0
1725 -118.585 -92.2326 843 0
1726 23.0351 87.8215 829 0
1727 -249.472 -51.3619 845 0
1728 217.62 137.29 841 0
1729 120.936 14.5706 839 0
1730 258.666 -7.43293 856 0
1731 -205.877 120.934 829 0
1732 63.4995 24.5339 831 0
1733 -153.712 17.4014 835 0
1734 -136.771 54.7085 829 0
1735 -314.215 226.461 815 0
1736 -284.127 61.1966 839 0
1737 195.766 185.615 835 0
1738 79.2441 -83.6465 845 0
1739 -204.386 165.796 823 0
1740 -27.3542 50.3894 829 0
1741 -187.961 -26.2271 839 0
1742 -300.367 -76.9412 852 0
1743 34.6361 18.7612 831 0
1744 223.462 134.369 841 0
1745 49.6582 -52.5793 841 0
1746 1.43622 146.495 827 0
1747 -235.481 49.422 837 0
1748 -155.487 67.6657 829 0
1749 37.4321 172.764 829 0
1750 -322.231 171.096 821 0
1751 -21.387 191.058 821 0
1752 -31.9026 -29.0023 835 0
1753 -80.5205 -101.017 843 0
1754 -260.667 -60.3804 848 0
1755 155.553 -14.6748 845 0
1756 -232.909 75.2254 833 0
1757 97.1578 40.6032 835 0
1758 30.5983 -40.7978 839 0
1759 -259.805 -82.6653 850 0
1760 174.63 -5.86993 845 0
1761 -207.889 -49.7763 843 0
1762 -128.947 114.62 825 0
1763 -120.351 127.515 825 0
1764 -249.719 211.41 817 0
1765 -337.877 92.8074 835 0
1766 110.737 10.1994 839 0
1767 -47.2807 106.023 825 0
1768 -71.2901 185.354 821 0
1769 -219.211 137.544 825 0
1770 257.9 198.161 839 0
1771 -171.114 20.3016 835 0
1772 -185.559 -95.725 848 0
1773 183.152 140.998 837 0
1774 -268.662 -73.8083 850 0
1775 169.019 71.3961 839 0
1776 90.7009 165.565 829 0
1777 167.887 -33.8719 848 0
1778 130.198 131.644 833 0
1779 -135.008 -108.594 845 0
1780 -177.565 -80.7115 845 0
1781 211.274 142.792 839 0
1782 218.473 16.2378 850 0
1783 -83.5024 67.6657 829 0
1784 5.82825 -59.7396 839 0
1785 -116.916 195.335 821 0
1786 -86.5902 28.8634 831 0
1787 -239.2 -39.622 845 0
1788 126.999 142.874 831 0
1789 -298.186 -38.3803 850 0
1790 -14.397 54.7085 829 0
1791 147.269 -48.5989 848 0
1792 -94.3322 132.923 823 0
1793 86.5902 70.7153 831 0
1794 85.147 99.5787 831 0
1795 -287.726 32.1318 841 0
1796 -24.5339 1.44317 831 0
1797 -232.105 146.14 825 0
1798 101.994 -11.6565 839 0
1799 -188.505 -91.3069 848 0
1800 -33.4326 -47.9684 837 0
1801 -83.9053 5.78657 833 0
1802 93.806 131.328 831 0
1803 -35.9924 56.1481 829 0
1804 -225.992 -73.3741 845 0
1805 -156.927 74.8642 829 0
1806 -28.7245 73.2474 827 0
1807 -97.427 223.509 825 0
1808 144.324 -33.8719 848 0
1809 -138.211 60.4672 829 0
1810 -220.999 168.245 821 0
1811 -160.192 47.6246 831 0
1812 -232.777 -52.7043 843 0
1813 -212.281 -36.6002 843 0
1814 -207.367 36.2529 835 0
1815 -22.9796 64.63 827 0
1816 -299.41 40.895 841 0
1817 -245.37 -8.76322 841 0
1818 38.9656 27.4202 831 0
1819 148.646 167.408 831 0
1820 -186.617 37.6127 833 0
1821 -32.7935 192.483 821 0
1822 175.681 17.5681 843 0
1823 185.929 39.5283 843 0
1824 -157.22 160.079 823 0
1825 -142.928 230.113 823 0
1826 166.105 97.6232 839 0
1827 175.25 -47.1262 848 0
1828 -79.9474 -36.3397 837 0
1829 58.0046 226.218 835 0
1830 -195.297 57.8657 833 0
1831 89.2612 131.012 829 0
1832 -152.24 89.0458 827 0
1833 -130.823 -26.1646 837 0
1834 223.849 58.9077 848 0
1835 -32.8733 165.796 823 0
1836 -152.992 -59.7396 839 0
1837 132.593 36.4266 839 0
1838 -275.213 -108.014 852 0
1839 -271.446 137.877 827 0
1840 43.6077 -8.72154 837 0
1841 -75.5675 165.393 821 0
1842 18.9418 -46.626 839 0
1843 -264.234 -61.999 850 0
1844 -282.095 108.498 833 0
1845 -141.842 127.515 825 0
1846 234.71 26.571 850 0
1847 -221.336 62.2056 833 0
1848 -26.1646 -55.2364 837 0
1849 -138.211 82.0627 829 0
1850 173.163 -24.9472 845 0
1851 -324.757 -36.9041 850 0
1852 142.045 -94.6969 852 0
1853 -145.432 176.8 821 0
1854 -287.726 27.7502 841 0
1855 149.444 -60.6652 852 0
1856 11.6287 -27.6182 837 0
1857 -164.256 -5.81436 837 0
1858 30.3795 1.44664 833 0
1859 -31.5969 104.844 827 0
1860 -32.7935 175.374 821 0
1861 10.0779 215.954 829 0
1862 -109.28 -71.3961 839 0
1863 253.901 -88.1184 860 0
1864 117.178 128.751 833 0
1865 -255.394 221.342 817 0
1866 131.136 2.91413 839 0
1867 216.996 28.0472 850 0
1868 225.322 66.2712 848 0
1869 180.676 119.479 839 0
1870 11.6565 -72.8531 839 0
1871 -317.386 -74.1556 854 0
1872 -115.49 199.612 821 0
1873 -126.896 198.187 821 0
1874 -219.039 192.014 819 0
1875 -84.3273 145.786 823 0
1876 -172.764 97.8993 829 0
1877 -283.771 204.315 817 0
1878 -51.704 99.0994 827 0
1879 116.287 17.4431 837 0
1880 -285.161 166.819 821 0
1881 29.2802 -109.801 843 0
1882 93.806 46.1814 831 0
1883 66.5456 33.2728 833 0
1884 -281.883 27.7502 841 0
1885 -17.5264 -90.5532 841 0
1886 -92.2326 -98.0886 843 0
1887 5.74489 117.77 827 0
1888 -244.14 -115.412 852 0
1889 91.1385 218.443 833 0
1890 188.949 -45.7611 850 0
1891 229.667 181.699 837 0
1892 -1.44317 27.4202 831 0
1893 -86.3818 83.5024 829 0
1894 115.108 16.0277 839 0
1895 -203.977 66.5456 833 0
1896 -107.196 128.635 823 0
1897 50.3894 56.1481 829 0
1898 -93.4743 -74.4873 841 0
1899 119.783 132.772 831 0
1900 -266.986 108.238 831 0
1901 157.21 -94.9192 854 0
1902 -331.509 -115.954 856 0
1903 -318.07 161.901 825 0
1904 92.0138 -23.3686 841 0
1905 77.0402 7.26795 837 0
1906 -39.9225 181.077 821 0
1907 98.3717 215.55 833 0
1908 122.965 125.858 833 0
1909 -16.0659 -77.4084 841 0
1910 -214.617 15.9513 835 0
1911 -219.89 73.7788 833 0
1912 -229.849 -29.2802 843 0
1913 -274.862 104.158 833 0
1914 210.317 128.527 841 0
1915 254.8 -74.503 858 0
1916 101.265 118.625 833 0
1917 124.71 65.2552 835 0
1918 -228.995 192.014 819 0
1919 -227.017 205.734 817 0
1920 -142.874 31.7497 831 0
1921 0 -70.1057 841 0
1922 -11.5176 109.417 829 0
1923 116.615 165.565 829 0
1924 24.8882 -90.7686 843 0
1925 -159.895 -2.90718 837 0
1926 228.385 105.409 843 0
1927 1.43622 143.622 827 0
1928 129.903 -90.0461 850 0
1929 -198.187 172.522 821 0
1930 24.5929 -1.44664 833 0
1931 148.311 -80.0881 854 0
1932 239.139 41.3326 850 0
1933 -125.471 205.316 821 0
1934 263.612 113.397 848 0
1935 50.8756 -13.0823 837 0
1936 -14.397 60.4672 829 0
1937 5.85604 -117.121 843 0
1938 -152.262 13.051 835 0
1939 262.511 31.1454 854 0
1940 -164.125 66.226 829 0
1941 183.152 145.359 837 0
1942 -199.157 85.147 831 0
1943 -335.621 98.3717 833 0
1944 -230.351 112.296 829 0
1945 4.39203 -108.337 843 0
1946 -97.1578 -30.4524 835 0
1947 -90.482 100.536 827 0
1948 -330.081 13.1448 841 0
1949 -321.519 218.577 812 0
1950 98.1355 209.26 831 0
1951 -8.63818 74.8642 829 0
1952 -313.567 208.572 817 0
1953 -139.729 205.316 821 0
1954 -140.998 -24.711 837 0
1955 -75.406 2.90023 835 0
1956 54.5765 176.655 827 0
1957 -112.638 202.464 821 0
1958 -346.97 36.6002 843 0
1959 44.6306 64.7863 829 0
1960 199.282 13.2855 850 0
1961 -104.844 80.4285 827 0
1962 -88.4571 0 835 0
1963 251.212 132.909 841 0
1964 -54.9724 26.0396 833 0
1965 -94.2575 -2.90023 835 0
1966 -82.2607 25.977 831 0
1967 -279.202 96.9251 833 0
1968 -187.393 -64.4164 843 0
1969 207.65 51.5442 848 0
1970 -321.714 145.058 827 0
1971 177.14 -60.5228 850 0
1972 196.703 205.446 839 0
1973 116.009 213.167 835 0
1974 -30.2336 1.4397 829 0
1975 -341.224 -89.4036 858 0
1976 150.569 -54.6181 850 0
1977 179.646 74.4873 841 0
1978 -85.5568 4.35035 835 0
1979 174.431 133.73 837 0
1980 245.287 -72.8427 856 0
1981 -213.745 -21.9601 843 0
1982 -57.4489 84.7371 827 0
1983 100.143 -86.8889 848 0
1984 -84.9421 84.9421 829 0
1985 109.681 128.442 831 0
1986 -338.988 7.33741 845 0
1987 229.849 114.193 843 0
1988 200.595 154.08 837 0
1989 -210.817 -43.9203 843 0
1990 -335.064 175.374 821 0
1991 15.7602 156.17 825 0
1992 -117.121 -105.409 843 0
1993 -179.651 220.999 821 0
1994 -309.995 -33.9518 850 0
1995 -319.574 10.3088 848 0
1996 -310.974 131.012 829 0
1997 -149.004 26.0396 833 0
1998 155.534 84.3082 837 0
1999 96.6923 134.215 831 0
2000 122.965 140.324 833 0
